ID                      X    DX      Y    DY     VS   DVS     PA   DPA    INC  DINC     VC   DVC     RC   DRC    SIG  DSIG   CHI2   DOF MEANRESV  MEDRESV  STDRESV  MINRESV  MAXRESV MEANRESD  MEDRESD  STDRESD  MINRESD  MAXRESD    RLAST RLASTSYM 
CGr34_bs_103_o2      15.0   0.0   15.0   0.0    8.5   0.7 -127.0   1.5   62.0   0.0  106.9   4.3    4.4   0.4   -1.0  -1.0   1.83   119     -3.8     -3.4     14.2    -53.7     27.0     11.7      0.0     17.2      0.0     79.8      8.2      5.6  
CGr34_bs_123_o2      15.0   0.0   15.0   0.0    8.1   0.6  189.0   0.9   49.0   0.0  176.0   3.1    5.2   0.2   -1.0  -1.0   3.57   143     -5.9     -4.0     17.1    -61.9     36.5     22.3     24.5     17.7      0.0     63.5      9.7      8.5  
CGr34_bs_144_o2      15.0   0.0   15.0   0.0  -31.7   3.5   86.0   7.9   74.0   0.0  348.5 12101.8   14.9 519.1   -1.0  -1.0   0.92    39     -1.8      0.3     19.2    -64.7     32.7     39.2     34.3     35.7      0.0    128.0      4.1      3.1  
CGr34_bs_154_o2      15.0   0.0   15.0   0.0    6.3   1.2   26.3   1.1   62.0   0.0  277.0   6.7   10.5   0.3   -1.0  -1.0   3.30   122     -0.4      0.0     13.2    -38.1     39.3     52.7     50.1     16.4     27.3    189.8     11.6      5.4  
CGr34_bs_155_o2      15.0   0.0   15.0   0.0   -2.3   0.3 -116.4   0.3   61.0   0.0  199.0   1.7    3.0   0.1   -1.0  -1.0  11.94   220      4.2      3.7     24.3    -91.1     69.7     71.9     67.6     26.9      0.0    175.7      8.5      7.2  
CGr34_bs_17_o2       15.0   0.0   15.0   0.0   69.9   1.6  266.6   3.5   38.0   0.0  172.2  99.4    3.8   2.5   -1.0  -1.0   2.29    37      7.9      3.7     16.4    -12.1     65.9     25.2     22.7     21.5      0.0     89.8      3.1      3.1  
CGr34_bs_25_o2       15.0   0.0   15.0   0.0  -14.6   1.0   88.6   0.7   70.0   0.0  205.2   3.4    3.9   0.2   -1.0  -1.0   4.00   111      1.7     -2.3     20.8    -44.1     66.5     22.0     15.1     25.0      0.0     93.7      8.0      7.0  
CGr34_bs_50_o2       15.0   0.0   15.0   0.0    1.4   0.5   86.9   1.1   34.0   0.0   91.5   1.9    2.1   0.5   -1.0  -1.0   1.75   162     -1.0      0.2     16.2    -80.9     81.5     25.7     27.3     18.7      0.0    174.0      8.3      8.0  
CGr34_bs_90_o2       15.0   0.0   15.0   0.0   37.2   1.1  -79.3   5.8   59.0   0.0  110.7  91.8    7.6   6.5   -1.0  -1.0   0.67    73      0.1     -0.5      9.8    -22.5     32.1      4.6      0.0     10.0      0.0     42.6      5.9      5.3  
