ID         ID_LAIGLE  z          flag       ra         dec        Iab 
 45     500373    1.21052   3.000000 150.133633   2.061208    23.8326
 67     501554    0.38144   3.000000 150.149269   2.059051    20.7555
 77     501783    0.47804   3.000000 150.149515   2.062066    22.3834
 79     502067    0.82787   3.000000 150.149421   2.063353    23.3567
 91     502909    0.68165   3.000000 150.149927   2.064087    22.1288
 96     503104    0.37171   3.000000 150.134844   2.063129    20.6862
108     503471    1.18980   3.000000 150.150050   2.065176    23.4059
135     505211    0.99651   3.000000 150.144017   2.068666    23.7793
140     505655    0.66821   2.000000 150.132541   2.068376    23.2037
144     505969    0.83374   2.000000 150.150941   2.067682    22.3948
146     506172    1.14418   3.000000 150.147503   2.069386    23.1091
148     506289    0.37288   3.000000 150.134239   2.068416    21.5551
153     506663    0.38287   3.000000 150.139218    2.07078    23.4628
154     506693    1.21630   3.000000 150.150015   2.070286    23.1970
199     511222    1.25317   2.000000 150.139883   2.075699    23.9983
